1365.8
125.967
114.442
180
180
171.088
172.252
54.5448
55.1717
1581256272224
1371.18
128.557
111.624
180
180
171.682
171.796
54.5063
55.1815
1581256272258
1377.62
130.317
112.039
179.972
180
172.259
171.139
54.2933
55.1337
1581256272291
1381.35
129.103
112.504
179.972
179.972
173.523
172.86
54.1235
55.1169
1581256272325
1375.92
121.984
112.532
180
180
176.496
176.9
53.8313
55.0617
1581256272391
1346.63
105.32
99.6624
180
180
179.211
179.081
53.9854
55.334
1581256272458
1345.02
105.897
103.147
180
180
179.387
179.108
53.9456
55.2311
1581256272491
1352.7
111.073
114.206
180
123.294
178.728
154.887
52.245
55.0244
1581256272524
1386.98
122.448
117.946
180
113.887
176.837
150.342
52.2063
54.1857
1581256272624
1396.39
123.804
125.308
180
111.653
175.612
148.365
51.8397
53.6902
1581256272691
1406.2
127.652
131.585
179.972
111.18
175.18
148.2
51.4145
53.2587
1581256272726
1395.37
121.775
130.7
179.972
114.574
174.819
149.466
51.0925
53.2352
1581256272759
1396.65
124.593
122.517
179.972
114.611
173.991
152.42
50.8694
52.9483
1581256272824
1387.88
123.704
120.348
180
115.244
174.546
154.026
50.4316
52.8448
1581256272891
1375.73
121.664
117.272
180
116.595
175.539
155.549
50.2127
52.8942
1581256272958
1375.69
122.534
114.797
179.972
117.299
176.55
155.702
50.1263
52.8003
1581256272992
1383.52
124.209
113.366
180
180
177.589
178.284
51.2273
52.268
1581256273125
1383.81
123.318
111.865
180
179.972
177.317
178.093
50.8588
52.1175
1581256273191
1394.16
128.052
114.547
180
180
174.641
175.546
50.5949
51.8012
1581256273258
1394.33
129.688
116.465
179.972
179.972
172.407
172.921
50.2312
51.5758
1581256273358
1323.29
103.222
113.244
180
114.486
168.567
157.137
49.3587
52.2817
1581256273492
1316.65
101.712
117.15
179.972
110.896
167.947
154.399
49.7275
52.3111
1581256273525
1313.69
101.377
119.476
179.96
111.887
167.829
153.921
49.6614
52.3607
1581256273559
1309.11
99.0997
116.829
179.972
110.455
168.436
150.603
49.7818
52.0827
1581256273658
1313.06
97.754
112.567
179.96
112.249
169.543
150.834
49.5458
52.1279
1581256273725
1308.18
91.3484
103.815
179.972
117.331
170.817
154.568
48.9204
52.267
1581256273792
1306.48
83.9196
90.7533
180
131.128
172.767
159.998
47.2907
51.5155
1581256273925
1307.47
79.1089
73.9916
179.96
155.419
171.72
173.076
47.4733
51.1716
1581256273959
1288.54
69.7511
60.7022
179.972
168.417
171.14
175.38
48.741
51.4198
1581256273991
1298.26
69.7554
79.0707
180
137.776
173.764
163.313
45.9249
50.6782
1581256274092
1273.4
60.2199
66.3531
163.461
158.343
173.143
165.114
46.5063
48.7653
1581256274126
1279.21
57.9663
58.1767
165.32
169.004
172.568
174.557
47.6038
48.6184
1581256274159
1276.02
53.9949
52.6649
164.416
170.909
171.222
176.856
48.864
48.4773
1581256274192
1256.95
53.0333
66.1838
164.901
138.519
170.282
158.931
44.7206
48.4411
1581256274226
1255.33
51.8448
71.2738
167.539
131.853
170.207
155.983
44.4024
48.723
1581256274259
1233.35
50.543
56.3672
162.507
151.915
169.515
166.044
45.6037
49.0124
1581256274292
1240.67
47.5707
65.6838
180
132.192
168.229
161.831
45.2166
50.5631
1581256274325
1238.97
48.3924
41.9073
179.972
150.364
167.139
176.483
47.4308
50.6146
1581256274359
1253.35
48.5038
60.4171
180
180
167.885
165.199
47.9291
50.0802
1581256274425
1275.04
69.7953
60.916
179.972
179.972
166.918
159.867
49.7541
49.2615
1581256274525
1290.64
77.0652
68.3991
180
180
166.716
160.166
50.1744
48.593
1581256274559
1368.07
118.447
118.22
179.972
180
179.314
168.029
47.371
49.5189
1581256274725
1414.46
135.308
136.562
180
180
178.429
168.516
46.322
47.9773
1581256274758
1555.09
162.783
164.64
180
179.972
177.17
176.689
43.1262
44.5243
1581256274792
